285
286
289
291
292
293
295
298
299
300
301
302
303
304
305
306
307
308
309
310
311
312
313
314
315
316
317
318
319
320
321
322
323
324
325
326
327
328
329
330
331
332
333
334
335
336
337
338
339
340
341
342
343
344
345
346
347
348
349
350
351
352
353
354
355
356
357
358
359
360
361
362
363
364
365
366
367
368
369
370
371
372
373
374
375
376
377
378
379
380
381
382
383
384
385
386
387
388
389
390
391
392
393
394
395
396
397
398
399
400
401
402
403
404
405
406
407
408
409
410
411
412
413
414
415
416
417
418
419
420
421
422
423
424
425
426
427
428
429
430
431
432
433
434
435
436
437
438
439
440
441
442
443
444
445
446
447
448
449
450
451
452
453
454
455
456
457
458
459
460
461
462
463
464
465
466
467
468
469
470
471
472
473
474
475
476
477
478
479
480
481
482
483
484
485
486
487
488
489
490
491
492
493
494
495
496
497
498
499
500
501
502
503
504
505
509
510
533
561
566
568
571
572
574
580
582
583
584
585
590
594
595
596
597
598
599
600
602
603
604
605
606
607
608
609
612
613
614
615
616
617
618
619
620
624
628
629
630
631
632
633
634
636
638
639
640
641
642
643
644
645
649
650
651
652
653
654
655
656
657
658
659
660
664
666
669
670
671
672
674
675
676
677
678
679
681
682
683
684
685
686
687
688
689
690
691
692
693
694
695
696
697
703
699
705
706
707
708
709
710
711
715
716
718
722
723
724
733
734
735
744
745
746
749
755
756
759
760
763
765
766
767
769
770
771
772
775
776
777
778
779
780
781
788
789
793
794
795
796
797
798
801
804
805
806
807
809
815
816
817
818
819
821
822
823
824
825
826
827
828
829
830
831
833
840
841
842
843
845
847
848
853
854
855
856
857
858
859
860
861
862
865
868
870
871
872
874
875
876
877
879
880
881
883
885
886
888
889
893
894
896
897
898
899
900
901
902
903
904
905
906
907
908
909
911
912
913
916
917
918
919
920
925
926
928
931
932
933
934
935
938
945
946
947
948
952
953
955
956
961
962
963
964
965
970
971
975
976
977
978
979
980
981
983
984
985
986
987
988
989
990
993
994
995
996
997
998
999
1006
1008
1010
1011
1012
1016
1017
1018
1019
1020
1021
1022
1023
1024
1031
1032
1033
1034
1035
1036
1037
1038
1040
1041
1042
1045
1046
1047
1048
1049
1050
1051
1052
1053
1054
1055
1058
1059
1060
1061
1062
1063
1065
1066
1067
1068
1069
1070
1071
1072
1074
1075
1077
1078
1079
1080
1081
1082
1083
1084
1090
1091
1092
1094
1095
1096
1097
1101
1102
1103
1104
1105
1106
1107
1108
1110
1112
1113
1114
1115
1116
1117
1120
1121
1122
1123
1124
1126
1127
1128
1130
1132
1140
1142
1143
1144
1145
1146
1147
1148
1149
1150
1151
1152
1153
1154
1155
1156
1159
1160
1161
1162
1163
1164
1165
1167
1169
1170
1172
1173
1174
1175
1176
1177
1178
1179
1183
1185
1186
1187
1188
1189
1190
1191
1192
1193
1194
1195
1196
1198
1199
1200
1201
1202
1203
1204
1206
1207
1208
1209
1210
1214
1215
1216
1219
1220
1221
1222
1223
1225
1226
1227
1228
1230
1231
1232
1233
1237
1238
1239
1240
1241
1242
1245
1246
1248
1249
1250
1251
1252
1253
1256
1257
1258
1259
1260
1261
1265
1266
1268
1269
1270
1271
1275
1276
1278
1279
1280
1281
1282
1283
1284
1285
1286
1287
1288
1289
1290
1291
1292
1293
1294
1295
1297
1298
1299
1300
1302
1304
1305
1307
1308
1309
1310
1311
1312
1313
1314
1315
1317
1318
1319
1320
1321
1322
1323
1324
1325
1326
1329
1332
1333
1334
1335
1336
1337
1338
1339
1340
1341
1342
1343
1344
1345
1346
1347
1348
1349